 71.949
 575.107
 682.246
 457.713
 209.064
 318.006
 153.177
 318.006
 781.865
 153.177
 153.177
 153.177
 131.508
 287.331
 188.6
 130.347
 172.764
 209.571
 209.571
 700.941
 532.869
 661.806
 126.714
 292.944
 406.284
 225.964
 225.964
 213.128
 565.088
 294.43
 209.571
 294.43
 140.493
 996.728
 108.717
 661.806
 71.949
 20.3773
 71.949
 20.3773
 682.246
 20.3773
 224.018
 254.093
 320.21
 424.627
 365.708
 26.5741
 217.343
 575.107
 254.093
 91.4099
 39.4621
 91.4099
 287.331
 140.493
 168.805
 217.343
 105.045
 225.964
 292.944
 203.59
 996.728
 108.717
 35.1211
 213.128
 209.571
 294.43
 320.21
 532.869
 125.257
 91.4099
 195.01
 161.539
 195.01
 195.01
 195.01
 195.01
 195.01
 195.01
 195.01
 203.59
 153.177
 153.177
 144.292
 408.977
 74.9986
 217.343
 532.869
 188.6
 254.961
 548.548
 188.6
 140.493
 140.493
 140.493
 140.493
 140.493
 140.493
 140.493
 140.493
 43.0291
 35.1211
 320.21
 140.493
 320.21
 532.869
 294.43
 294.43
 532.869
 39.4621
 554.724
 43.0291
 39.4621
 39.4621
 39.4621
 532.869
 140.493
 43.0291
 294.43
 170.648
 320.21
 532.869
 294.43
 170.648
 35.1211
 91.4099
 172.764
 35.1211
 700.941
 744.76
 91.4099
 43.0291
 408.977
 209.064
 406.284
